2024-04-23 22:14:40.364 [info] Log level: Info
2024-04-23 22:14:40.364 [info] Validating found git in: "git"
2024-04-23 22:14:40.364 [info] Using git "2.44.0" from "git"
2024-04-23 22:14:40.364 [info] > git rev-parse --show-toplevel [8ms]
2024-04-23 22:14:40.365 [info] > git rev-parse --show-toplevel [1ms]
2024-04-23 22:14:40.369 [info] > git rev-parse --show-toplevel [1ms]
2024-04-23 22:14:40.372 [info] > git rev-parse --show-toplevel [1ms]
2024-04-23 22:14:40.376 [info] > git rev-parse --show-toplevel [1ms]
2024-04-23 22:14:40.380 [info] > git rev-parse --show-toplevel [1ms]
2024-04-23 22:14:40.385 [info] > git rev-parse --show-toplevel [1ms]
2024-04-23 22:14:40.388 [info] > git rev-parse --show-toplevel [1ms]
2024-04-23 22:14:40.392 [info] > git rev-parse --show-toplevel [0ms]
2024-04-23 22:14:40.395 [info] > git rev-parse --show-toplevel [1ms]
2024-04-23 22:14:40.400 [info] > git rev-parse --show-toplevel [0ms]
2024-04-23 22:14:40.403 [info] > git rev-parse --show-toplevel [1ms]
2024-04-23 22:14:40.407 [info] > git rev-parse --show-toplevel [1ms]
2024-04-23 22:14:40.421 [info] > git rev-parse --show-toplevel [11ms]
2024-04-23 22:14:40.433 [info] > git rev-parse --show-toplevel [2ms]
2024-04-23 22:14:40.437 [info] > git rev-parse --show-toplevel [1ms]
2024-04-23 22:14:40.440 [info] > git rev-parse --show-toplevel [1ms]
2024-04-23 22:14:40.444 [info] > git rev-parse --show-toplevel [1ms]
2024-04-23 22:14:40.449 [info] > git rev-parse --show-toplevel [2ms]
2024-04-23 22:14:41.336 [info] > git rev-parse --show-toplevel [883ms]
2024-04-23 22:14:41.343 [info] > git rev-parse --show-toplevel [2ms]
2024-04-23 22:14:41.347 [info] > git rev-parse --show-toplevel [1ms]
2024-04-23 22:14:41.351 [info] > git rev-parse --show-toplevel [1ms]
2024-04-23 22:14:41.355 [info] > git rev-parse --show-toplevel [1ms]
2024-04-23 22:14:41.358 [info] > git rev-parse --show-toplevel [1ms]
2024-04-23 22:14:41.361 [info] > git rev-parse --show-toplevel [1ms]
2024-04-23 22:14:41.364 [info] > git rev-parse --show-toplevel [0ms]
2024-04-23 22:14:41.368 [info] > git rev-parse --show-toplevel [0ms]
2024-04-23 22:14:41.372 [info] > git rev-parse --show-toplevel [1ms]
2024-04-23 22:14:41.375 [info] > git rev-parse --show-toplevel [1ms]
2024-04-23 22:14:41.378 [info] > git rev-parse --show-toplevel [1ms]
2024-04-23 22:14:41.381 [info] > git rev-parse --show-toplevel [0ms]
2024-04-23 22:14:41.385 [info] > git rev-parse --show-toplevel [0ms]
2024-04-23 22:14:41.389 [info] > git rev-parse --show-toplevel [1ms]
2024-04-23 22:14:48.267 [info] > git rev-parse --show-toplevel [1ms]
2024-04-23 22:14:48.273 [info] > git rev-parse --git-dir --git-common-dir [1ms]
2024-04-23 22:14:48.286 [info] Open repository: /home/suhui/dotfiles
2024-04-23 22:14:48.295 [info] > git config --get commit.template [2ms]
2024-04-23 22:14:48.302 [info] > git for-each-ref --format=%(refname)%00%(upstream:short)%00%(objectname)%00%(upstream:track)%00%(upstream:remotename)%00%(upstream:remoteref) refs/heads/master refs/remotes/master [2ms]
2024-04-23 22:14:48.322 [info] > git status -z -uall [16ms]
2024-04-23 22:14:48.375 [info] > git config --get commit.template [3ms]
2024-04-23 22:14:48.571 [info] > git for-each-ref --format=%(refname)%00%(upstream:short)%00%(objectname)%00%(upstream:track)%00%(upstream:remotename)%00%(upstream:remoteref) refs/heads/master refs/remotes/master [193ms]
2024-04-23 22:14:48.602 [info] > git status -z -uall [27ms]
2024-04-23 22:14:48.897 [info] > git check-ignore -v -z --stdin [1ms]
2024-04-23 22:14:49.903 [info] > git config --get commit.template [4ms]
2024-04-23 22:14:49.903 [info] > git for-each-ref --format=%(refname)%00%(upstream:short)%00%(objectname)%00%(upstream:track)%00%(upstream:remotename)%00%(upstream:remoteref) refs/heads/master refs/remotes/master [1ms]
2024-04-23 22:14:49.916 [info] > git status -z -uall [9ms]
2024-04-23 22:14:54.947 [info] > git config --get commit.template [4ms]
2024-04-23 22:14:54.947 [info] > git for-each-ref --format=%(refname)%00%(upstream:short)%00%(objectname)%00%(upstream:track)%00%(upstream:remotename)%00%(upstream:remoteref) refs/heads/master refs/remotes/master [1ms]
2024-04-23 22:14:54.960 [info] > git status -z -uall [9ms]
2024-04-23 22:15:00.013 [info] > git config --get commit.template [11ms]
2024-04-23 22:15:00.015 [info] > git for-each-ref --format=%(refname)%00%(upstream:short)%00%(objectname)%00%(upstream:track)%00%(upstream:remotename)%00%(upstream:remoteref) refs/heads/master refs/remotes/master [3ms]
2024-04-23 22:15:00.046 [info] > git status -z -uall [24ms]
2024-04-23 22:15:05.099 [info] > git config --get commit.template [4ms]
2024-04-23 22:15:05.099 [info] > git for-each-ref --format=%(refname)%00%(upstream:short)%00%(objectname)%00%(upstream:track)%00%(upstream:remotename)%00%(upstream:remoteref) refs/heads/master refs/remotes/master [0ms]
2024-04-23 22:15:05.111 [info] > git status -z -uall [9ms]
